timeover enemy 33

["ememy_move_std2",	 1, e_mstd],
["ememy_generator",	 1, 5],
["ememy_moveshot_1",	 1, e_mv],
["sce_ememy_randomshot", 1, e_rsh],
["ememy_turn_r",	 1, e_tr ],
["ememy_move_n_l",	 1, e_mbl]

["ememy_generator",	 1,	 3],//generator
["boss_0"	,	 34,	 Math.floor(stageno / 5) - 1], //bx
["boss_0"	,	 14,	 (stageno % 15 != 0) ? 1 : 0], //b0
["boss_1"	,	 14,	 (stageno % 15 == 0) ? 1 : 0] //b2

22 key

//(powup)
[  7,11, 1,	  4, 16,  8,  32,  16, 4, 4,22, 5, 5, 5, 0,100],
//Weapon
[15, 38, 1, 4, 8, 8, 16, 16, 30, 30, 5, 5, 5, 5, 0, 0], //wand
[16, 15, 1, 4, 16, 16, 32, 32, 30, 30, 5, 5, 5, 5, 0, 0], //sword
[17, 37, 1, 4, 8, 8, 16, 16, 30, 30, 5, 5, 5, 5, 0, 0], //axe
[18, 35, 1, 4, 16, 24, 16, 48, 30, 30, 5, 5, 5, 5, 0, 0], //spear
[19, 36, 1, 4, 8, 8, 16, 16, 30, 30, 5, 5, 5, 5, 0, 0], //boom
//Ball
[20, 26, 1, 4, 8, 8, 16, 16, 30, 30, 5, 5, 5, 5, 0, 1],
//1upItem
[21, 1, 1, 4, 16, 16, 32, 32, 30, 30, 5, 5, 5, 5, 0, 100],
//KeyItem
[22, 27, 1, 4, 16, 16, 32, 32, 30, 30, 5, 5, 5, 5, 0, 10],
//(B)
[23, 28, 1, 4, 8, 8, 16, 16, 30, 30, 5, 5, 5, 5, 0, 8],
//(S)
[24, 29, 1, 4, 8, 8, 16, 16, 30, 30, 5, 5, 5, 5, 0, 8],
//(L)
[25, 30, 1, 4, 8, 8, 16, 16, 30, 30, 5, 5, 5, 5, 0, 8],
//Lamp
[26, 33, 1, 4, 12, 12, 24, 24, 30, 30, 5, 5, 5, 5, 0, 10],
//Map
[27, 34, 1, 4, 12, 12, 24, 24, 30, 30, 5, 5, 5, 5, 0, 10],
//[o]コイン
[35, 32, 1, 4, 8, 8, 16, 16, 30, 30, 5, 5, 5, 5, 0, 10],
//宝箱
[40, 39, 1, 2, 16, 16, 16, 16, 30, 30, 5, 5, 5, 5, 0, 100],

 
15 WAND
16 SWORD
17 AXE
18 SPEAR
19 BOOM
20 BALL
21 1UP
22 KEY
23 B_BALL
24 S_BALL
25 L_BALL
26 LAMP
27 MAP
35 COIN
40 TRBOX

